868617060605898
868617060509165
868617060540830
868617060592989
868617060521046
868617060589878
868617060549955
868617060553973
868617061061133
868617060607894
868617061185460
868617060593102
868617061183507
868617061100691
868617060657477
868617061149193
868617061122638
868617061142701
868617061123248
868617060508472
868617060517390
868617060654235
868617061171080
868617060604875
868617060507409
868617060640994
868617060617919
868617061130672
868617060509314
868617060557396
868617061132611
868617061132520
868617060521020
868617060488303
868617060620707
868617060562073
868617060521608
868617060502681
868617060563725
868617060511799
868617060514967
868617060659499
868617061130938
868617060568948
868617060602010
868617060568278
868617060497262
868617061117471
868617060536549
868617060599349
868617060540525
868617060498211
868617060641398
868617061101699
868617060595255
868617061119774
868617060643253
868617061122711
868617061119030
868617060514819
868617061122752
868617060525278
868617060580729
868617060557289
868617060504729
868617061171155
868617060625490
868617060552108
868617060526730
868617060563568
868617060562453
868617060524305
868617060603380
868617061143394
868617060564335
868617060540392
868617060620574
868617060609841
868617060596493
868617060618404
868617060571884
868617060492073
868617060502632
868617060577337
868617060594936
868617060590603
868617060491182
868617060540921
868617060590538
868617060560507
868617060644640
868617060547249
868617060503382
868617060496975
868617060652569
868617060562966
868617060485341
868617061111136
868617061103182
868617060540186
868617060612407
868617060621085
868617061143857
868617060581677
868617060533736
868617060621184
868617060515717
868617060533892
868617060570639
868617060602242
868617060595131
868617060551670
868617060484658
868617060523018
868617060603778
868617061034098
868617060559210
868617061144335
868617060585835
868617060487651
868617060517820
868617060512714
868617061172591
868617060541259
868617060514439
868617061131514
868617061173169
868617061049401
868617061114262
868617061138857
868617061138048
868617061152577
868617060608975
868617060557255
868617060659572
868617060576859
868617060582063
868617060501824
868617060596931
868617060593979
868617060542679
868617060541705
868617061095016
868617060625110
868617060613223
868617060519792
868617060604669
868617060586098
868617060603885
868617060542315
868617060602119
868617060545771
868617060603018
868617060485002
868617060507805
868617060570605
868617060600410
868617060650282
868617060586411
868617060651520
868617060565688
868617060585603
868617060641646
868617060541655
868617060561943
868617060634153
868617060535517
868617060517465
868617060523869
868617060573260
868617060539642
868617060623735
868617060551266
868617060602499
868617060537927
868617060533827
868617060633718
868617060538461
868617060565209
868617060602879
868617060628817
868617060507847
868617060550367