868617060267897
868617060246933
868617060294289
868617060294263
868617060294255
868617060294248
868617060294230
868617060294206
868617060294172
868617060294164
868617060294149
868617060294131
868617060294115
868617060294107
868617060294065
868617060294040
868617060294008
868617060293984
868617060293976
868617060293968
868617060293927
868617060293893
868617060293869
868617060293851
868617060293844
868617060293760
868617060293745
868617060293661
868617060293638
868617060293620
868617060293604
868617060293570
868617060293562
868617060293554
868617060293539
868617060293497
868617060293471
868617060293430
868617060293414
868617060293406
868617060293356
868617060293331
868617060293299
868617060293265
868617060293224
868617060293216
868617060293208
868617060293190
868617060293166
868617060293158
868617060293125
868617060293059
868617060293000
868617060292994
868617060292937
868617060292895
868617060292887
868617060292879
868617060292796
868617060292754
868617060292721
868617060292648
868617060292622
868617060292580
868617060292499
868617060292416
868617060292374
868617060292325
868617060292309
868617060292275
868617060292242
868617060292234
868617060292226
868617060292218
868617060292192
868617060292168
868617060292143
868617060292135
868617060292119
868617060292101
868617060292093
868617060292077
868617060292069
868617060292051
868617060292010
868617060292002
868617060291954
868617060291863
868617060291855
868617060291848
868617060291830
868617060291822
868617060291814
868617060291806
868617060291798
868617060291764
868617060291756
868617060291749
868617060291723
868617060291707
868617060291699
868617060291681
868617060291673
868617060291632
868617060291616
868617060291608
868617060291558
868617060291533
868617060291525
868617060291517
868617060291483
868617060291376
868617060291277
868617060291251
868617060291244
868617060291194
868617060291152
868617060291145
868617060291137
868617060291111
868617060291095
868617060291079
868617060291061
868617060291046
868617060290998
868617060290980
868617060290956
868617060290923
868617060290873
868617060290782
868617060290741
868617060290733
868617060290709
868617060290691
868617060290642
868617060290634
868617060290626
868617060290592
868617060290584
868617060290550
868617060290535
868617060290527
868617060290485
868617060290469
868617060290451
868617060290444
868617060290360
868617060290345
868617060290337
868617060290311
868617060290303
868617060290253
868617060290246
868617060290220
868617060290212
868617060290204
868617060290188
868617060290162
868617060290147
868617060290063
868617060290055
868617060290030
868617060289966
868617060289958
868617060289909
868617060289867
868617060289859
868617060289834
868617060289776
868617060289735
868617060289677
868617060289669
868617060289644
868617060289628
868617060289610
868617060289602
868617060289578
868617060289560
868617060289552
868617060289529
868617060289511
868617060289495
868617060289446
868617060289438
868617060289412
868617060289388
868617060289370
868617060289354
868617060289297
868617060289198
868617060289172
868617060289123
868617060289024
868617060288992
868617060288950
868617060288927
868617060288919
868617060288851
868617060288810
868617060288802
868617060288794
868617060288760
868617060288752
868617060288737
868617060288638
868617060288604
868617060288554
868617060288489
868617060288463
868617060288455
868617060288414
868617060288406
868617060288380
868617060288372
868617060288364
868617060288349
868617060288323
868617060288315
868617060288299
868617060288281
868617060288273
868617060288257
868617060288232
868617060288224
868617060288208
868617060288182
868617060288174
868617060288133
868617060287986
868617060287960
868617060287895
868617060287838
868617060287820
868617060287804
868617060287754
868617060287739
868617060287721
868617060287713
868617060287689
868617060287648
868617060287580
868617060287499
868617060287465
868617060287457
868617060287440
868617060287408
868617060287374
868617060287366
868617060287358
868617060287317
868617060287275
868617060287242
868617060287234
868617060287184
868617060287168
868617060287150
868617060287135
868617060287093
868617060287044
868617060287036
868617060287028
868617060287002
868617060286970
868617060286962
868617060286921
868617060286905
868617060286871
868617060286863
868617060286830
868617060286822
868617060286798
868617060286772
868617060286749
868617060286665
868617060286640
868617060286541
868617060286533
868617060286517
868617060286491
868617060286343
868617060286293
868617060286277
868617060286251
868617060286236
868617060286202
868617060286194
868617060286186
868617060286145
868617060286129
868617060286103
868617060286087
868617060286053
868617060286012
868617060285956
868617060285949
868617060285923
868617060285915
868617060285840
868617060285824
868617060285816
868617060285725
868617060285717
868617060285709
868617060285675
868617060285543
868617060285220
868617060285212
868617060285162
868617060285113
868617060285014
868617060284918
868617060284892
868617060284868
868617060284850
868617060284835
868617060284827
868617060284751
868617060284728
868617060284710
868617060284702
868617060284686
868617060284629
868617060284603
868617060284488
868617060284405
868617060284330
868617060284322
868617060284314
868617060284306
868617060284272
868617060284256
868617060284140
868617060284082
868617060284025
868617060283910
868617060283878
868617060283860
868617060283795
868617060283761
868617060283696
868617060283670
868617060283647
868617060283605
868617060283597
868617060283589
868617060283563
868617060283548
868617060283480
868617060283423
868617060283415
868617060283407
868617060283340
868617060283290
868617060283274
868617060283258
868617060283241
868617060283217
868617060283175
868617060283142
868617060283100
868617060283035
868617060283027
868617060283019
868617060283001
868617060282995
868617060282979
868617060282961
868617060282953
868617060282946
868617060282888
868617060282854
868617060282839
868617060282813
868617060282789
868617060282615
868617060282607
868617060282565
868617060282532
868617060282508
868617060282458
868617060282409
868617060282375
868617060282367
868617060282318
868617060282276
868617060282227
868617060282151
868617060282128
868617060282094
868617060282086
868617060282078
868617060282037
868617060282029
868617060281963
868617060281898
868617060281872
868617060281864
868617060281807
868617060281773
868617060281757
868617060281740
868617060281732
868617060281724
868617060281708
868617060281658
868617060281641
868617060281583
868617060281567
868617060281559
868617060281534
868617060281526
868617060281518
868617060281500
868617060281492
868617060281468
868617060281435
868617060281401
868617060281377
868617060281351
868617060281328
868617060281310
868617060281294
868617060281278
868617060281245
868617060281138
868617060281120
868617060281104
868617060281054
868617060281047
868617060281039
868617060281021
868617060280999
868617060280981
868617060280957
868617060280932
868617060280908
868617060280890
868617060280874
868617060280858
868617060280841
868617060280825
868617060280817
868617060280809
868617060280775
868617060280734
868617060280726
868617060280718
868617060280650
868617060280635
868617060280627
868617060280593
868617060280585
868617060280569
868617060280551
868617060280544
868617060280536
868617060280510
868617060280502
868617060280445
868617060280437
868617060280379
868617060280353
868617060280304
868617060280270
868617060280239
868617060280197
868617060280155
868617060280130
868617060280098
868617060280080
868617060280072
868617060280056
868617060280031
868617060279991
868617060279959
868617060279942
868617060279926
868617060279918
868617060279884
868617060279876
868617060279868
868617060279835
868617060279827
868617060279801
868617060279785
868617060279777
868617060279751
868617060279736
868617060279678
868617060279660
868617060279637
868617060279629
868617060279603
868617060279587
868617060279579
868617060279546
868617060279538
868617060279504
868617060279462
868617060279439
868617060279413
868617060279405
868617060279371
868617060279355
868617060279306
868617060279272
868617060279215
868617060279173
868617060279157
868617060279116
868617060279108
868617060279017
868617060278985
868617060278902
868617060278894
868617060278886
868617060278829
868617060278803
868617060278712
868617060278670
868617060278647
868617060278621
868617060278597
868617060278563
868617060278555
868617060278522
868617060278514
868617060278472
868617060278464
868617060278373
868617060278340
868617060278266
868617060278241
868617060278217
868617060278183
868617060278167
868617060278142
868617060278126
868617060277946
868617060277888
868617060277821
868617060277813
868617060277672
868617060277623
868617060277607
868617060277581
868617060277565
868617060277540
868617060277508
868617060277482
868617060277417
868617060277409
868617060277359
868617060277342
868617060277201
868617060277185
868617060277110
868617060277045
868617060276997
868617060276989
868617060276971
868617060276955
868617060276922
868617060276906
868617060276880
868617060276799
868617060276773
868617060276757
868617060276732
868617060276682
868617060276658
868617060276633
868617060276617
868617060276609
868617060276591
868617060276583
868617060276559
868617060276526
868617060276500
868617060276443
868617060276435
868617060276419
868617060276401
868617060276351
868617060276344
868617060276328
868617060276260
868617060276203
868617060276120
868617060276112
868617060276062
868617060276047
868617060276039
868617060276021
868617060275999
868617060275981
868617060275973
868617060275924
868617060275882
868617060275874
868617060275817
868617060275783
868617060275676
868617060275668
868617060275593
868617060275585
868617060275577
868617060275569
868617060275551
868617060275528
868617060275486
868617060275361
868617060275353
868617060275346
868617060275304
868617060275296
868617060275270
868617060275254
868617060275239
868617060275189
868617060275171
868617060275122
868617060275114
868617060275106
868617060275064
868617060274950
868617060274901
868617060274893
868617060274885
868617060274869
868617060274844
868617060274836
868617060274786
868617060274737
868617060274729
868617060274703
868617060274687
868617060274679
868617060274638
868617060274570
868617060274562
868617060274513
868617060274505
868617060274471
868617060274463
868617060274455
868617060274430
868617060274414
868617060274406
868617060274372
868617060274299
868617060274190
868617060274141
868617060274125
868617060274091
868617060274075
868617060274067
868617060274042
868617060274026
868617060273994
868617060273952
868617060273887
868617060273879
868617060273846
868617060273820
868617060273671
868617060273663
868617060273580
868617060273564
868617060273556
868617060273473
868617060273457
868617060273408
868617060273325
868617060273283
868617060273259
868617060273226
868617060273184
868617060273176
868617060273044
868617060272970
868617060272939
868617060272921
868617060272897
868617060272848
868617060272830
868617060272822
868617060272798
868617060272764
868617060272749
868617060272707
868617060272681
868617060272673
868617060272665
868617060272632
868617060272624
868617060272608
868617060272582
868617060272574
868617060272566
868617060272558
868617060272533
868617060272517
868617060272483
868617060272475
868617060272459
868617060272434
868617060272400
868617060272384
868617060272285
868617060272269
868617060272244
868617060272210
868617060272160
868617060272152
868617060272137
868617060272129
868617060272095
868617060272061
868617060272053
868617060272046
868617060272020
868617060271949
868617060271931
868617060271915
868617060271899
868617060271881
868617060271840
868617060271832
868617060271816
868617060271808
868617060271782
868617060271774
868617060271766
868617060271758
868617060271741
868617060271717
868617060271675
868617060271659
868617060271626
868617060271618
868617060271600
868617060271543
868617060271535
868617060271527
868617060271519
868617060271469
868617060271451
868617060271444
868617060271428
868617060271378
868617060271360
868617060271337
868617060271329
868617060271295
868617060271220
868617060271162
868617060271154
868617060271089
868617060271071
868617060271030
868617060271022
868617060270990
868617060270941
868617060270925
868617060270917
868617060270891
868617060270842
868617060270834
868617060270818
868617060270800
868617060270792
868617060270743
868617060270735
868617060270693
868617060270685
868617060270644
868617060270628
868617060270594
868617060270578
868617060270560
868617060270511
868617060270495
868617060270487
868617060270479
868617060270461
868617060270453
868617060270446
868617060270404
868617060270396
868617060270388
868617060270370
868617060270354
868617060270339
868617060270321
868617060270313
868617060270297
868617060270289
868617060270222
868617060270172
868617060270164
868617060270149
868617060270131
868617060270123
868617060270073
868617060270065
868617060270057
868617060270024
868617060270016
868617060270008
868617060269919
868617060269869
868617060269851
868617060269836
868617060269828
868617060269802
868617060269794
868617060269778
868617060269745
868617060269737
868617060269703
868617060269695
868617060269687
868617060269653
868617060269646
868617060269604
868617060269562
868617060269554
868617060269547
868617060269521
868617060269406
868617060269398
868617060269208
868617060269190
868617060269174
868617060269133
868617060269125
868617060269091
868617060269067
868617060268994
868617060268986
868617060268945
868617060268879
868617060268846
868617060268838
868617060268804
868617060268754
868617060268713
868617060268705
868617060268689
868617060268655
868617060268648
868617060268622
868617060268598
868617060268564
868617060268531
868617060268473
868617060268440
868617060268408
868617060268382
868617060268374
868617060268358
868617060268291
868617060268242
868617060268192
868617060268184
868617060268176
868617060268150
868617060268085
868617060268069
868617060268051
868617060268036
868617060268002
868617060267996
868617060267954
868617060267947
868617060267939
868617060267863
868617060267855
868617060267848
868617060267814
868617060267749
868617060267731
868617060267673
868617060267608
868617060267590
868617060267582
868617060267574
868617060267525
868617060267517
868617060267467
868617060267434
868617060267418
868617060267400
868617060267376
868617060267368
868617060267327
868617060267319
868617060267087
868617060267079
868617060267061
868617060267038
868617060266998
868617060266956
868617060266931
868617060266907
868617060266881
868617060266782
868617060266709
868617060266642
868617060266592
868617060266576
868617060266550
868617060266519
868617060266493
868617060266485
868617060266451
868617060266444
868617060266436
868617060266428
868617060266410
868617060266402
868617060266394
868617060266352
868617060266345
868617060266337
868617060266311
868617060266303
868617060266295
868617060266261
868617060266253
868617060266238
868617060266212
868617060266170
868617060266162
868617060266147
868617060266089
868617060266071
868617060266055
868617060266030
868617060266022
868617060265883
868617060265743
868617060265735
868617060265685
868617060265651
868617060265537
868617060265511
868617060265495
868617060265487
868617060265461
868617060265446
868617060265438
868617060265362
868617060265305
868617060265248
868617060265214
868617060265172
868617060265164
868617060265156
868617060265131
868617060265123
868617060265081
868617060265040
868617060265032
868617060265024
868617060265008
868617060264985
868617060264977
868617060264936
868617060264910
868617060264894
868617060264886
868617060264852
868617060264845
868617060264837
868617060264829
868617060264811
868617060264779
868617060264753
868617060264712
868617060264704
868617060264696
868617060264647
868617060264639
868617060264563
868617060264555
868617060264530
868617060264522
868617060264506
868617060264480
868617060264472
868617060264464
868617060264449
868617060264415
868617060264399
868617060264290
868617060264266
868617060264225
868617060264217
868617060264191
868617060264183
868617060264175
868617060264134
868617060264126
868617060264100
868617060264084
868617060264050
868617060264043
868617060264035
868617060264019
868617060263979
868617060263953
868617060263938
868617060263920
868617060263912
868617060263904
868617060263896
868617060263888
868617060263870
868617060263847
868617060263821
868617060263813
868617060263805
868617060263789
868617060263763
868617060263730
868617060263706
868617060263698
868617060263664
868617060263623
868617060263581
868617060263516
868617060263490
868617060263466
868617060263441
868617060263433
868617060263417
868617060263383
868617060263375
868617060263367
868617060263359
868617060263276
868617060263177
868617060263151
868617060263078
868617060263060
868617060263052
868617060263037
868617060263029
868617060262963
868617060262955
868617060262930
868617060262914
868617060262856
868617060262799
868617060262740
868617060262724
868617060262716
868617060262674
868617060262641
868617060262617
868617060262492
868617060262468
868617060262393
868617060262344
868617060262328
868617060262187
868617060262179
868617060262138
868617060262112
868617060262039
868617060262021
868617060261965
868617060261957
868617060261940
868617060261924
868617060261882
868617060261692
868617060261676
868617060261668
868617060261601
868617060261593
868617060261544
868617060261536
868617060261502
868617060261429
868617060261387
868617060261361
868617060261338
868617060261262
868617060261072
868617060261064
868617060261031
868617060260991
868617060260975
868617060260959
868617060260934
868617060260868
868617060260835
868617060260827
868617060260777
868617060260769
868617060260736
868617060260728
868617060260702
868617060260587
868617060260538
868617060260512
868617060260488
868617060260462
868617060260439
868617060260421
868617060260389
868617060260306
868617060260199
868617060260173
868617060260157
868617060260074
868617060260058
868617060260025
868617060260017
868617060259845
868617060259803
868617060259795
868617060259761
868617060259704
868617060259670
868617060259662
868617060259654
868617060259605
868617060259555
868617060259530
868617060259514
868617060259480
868617060259464
868617060259449
868617060259423
868617060259407
868617060259399
868617060259381
868617060259357
868617060259332
868617060259324
868617060259308
868617060259233
868617060259217
868617060259209
868617060259100
868617060259076
868617060259068
868617060259043
868617060259035
868617060259019
868617060259001
868617060258995
868617060258979
868617060258904
868617060258896
868617060258888
868617060258870
868617060258854
868617060258847
868617060258821
868617060258813
868617060258805
868617060258763
868617060258755
868617060258748
868617060258722
868617060258706
868617060258698
868617060258664
868617060258631
868617060258623
868617060258607
868617060258540
868617060258524
868617060258508
868617060258466
868617060258425
868617060258391
868617060258383
868617060258375
868617060258367
868617060258318
868617060258300
868617060258284
868617060258268
868617060258250
868617060258243
868617060258235
868617060258227
868617060258201
868617060258177
868617060258144
868617060258136
868617060258128
868617060258110
868617060258102
868617060258094
868617060258052
868617060258045
868617060257971
868617060257922
868617060257906
868617060257880
868617060257864
868617060257856
868617060257773
868617060257765
868617060257757
868617060257740
868617060257724
868617060257716
868617060257708
868617060257690
868617060257666
868617060257658
868617060257641
868617060257625
868617060257583
868617060257559
868617060257542
868617060257526
868617060257500
868617060257492
868617060257484
868617060257476
868617060257468
868617060257450
868617060257443
868617060257427
868617060257419
868617060257393
868617060257385
868617060257377
868617060257369
868617060257351
868617060257328
868617060257302
868617060257294
868617060257286
868617060257252
868617060257237
868617060257179
868617060257153
868617060257138
868617060257120
868617060257070
868617060257062
868617060257047
868617060257039
868617060257021
868617060257005
868617060256999
868617060256973
868617060256965
868617060256957
868617060256932
868617060256924
868617060256916
868617060256882
868617060256874
868617060256866
868617060256817
868617060256809
868617060256791
868617060256767
868617060256759
868617060256726
868617060256718
868617060256692
868617060256676
868617060256668
868617060256650
868617060256643
868617060256635
868617060256627
868617060256544
868617060256528
868617060256494
868617060256429
868617060256395
868617060256379
868617060256361
868617060256353
868617060256346
868617060256288
868617060256247
868617060256189
868617060256171
868617060256155
868617060256072
868617060256064
868617060256007
868617060255991
868617060255892
868617060255827
868617060255819
868617060255736
868617060255686
868617060255678
868617060255660
868617060255587
868617060255561
868617060255553
868617060255496
868617060255488
868617060255470
868617060255454
868617060255447
868617060255439
868617060255363
868617060255322
868617060255264
868617060255223
868617060255199
868617060255132
868617060255124
868617060255074
868617060255025
868617060255017
868617060254986
868617060254960
868617060254945
868617060254937
868617060254911
868617060254903
868617060254887
868617060254879
868617060254861
868617060254853
868617060254820
868617060254804
868617060254788
868617060254754
868617060254747
868617060254739
868617060254713
868617060254705
868617060254630
868617060254622
868617060254564
868617060254481
868617060254473
868617060254424
868617060254382
868617060254333
868617060254325
868617060254317
868617060254309
868617060254283
868617060254259
868617060254234
868617060254218
868617060254200
868617060254192
868617060254176
868617060254150
868617060254119
868617060254093
868617060254002
868617060253988
868617060253970
868617060253905
868617060253848
868617060253822
868617060253806
868617060253780
868617060253764
868617060253749
868617060253715
868617060253673
868617060253657
868617060253616
868617060253558
868617060253541
868617060253533
868617060253491
868617060253483
868617060253459
868617060253418
868617060253376
868617060253350
868617060253293
868617060253285
868617060253244
868617060253087
868617060253079
868617060253061
868617060253046
868617060253038
868617060253004
868617060252964
868617060252949
868617060252865
868617060252824
868617060252790
868617060252659
868617060252642
868617060252634
868617060252535
868617060252527
868617060252477
868617060252428
868617060252410
868617060252360
868617060252352
868617060252345
868617060252311
868617060252287
868617060252279
868617060252261
868617060252253
868617060252220
868617060252212
868617060252162
868617060252154
868617060252147
868617060252121
868617060252105
868617060252097
868617060252048
868617060252022
868617060251982
868617060251966
868617060251958
868617060251875
868617060251842
868617060251826
868617060251784
868617060251685
868617060251677
868617060251651
868617060251636
868617060251594
868617060251578
868617060251529
868617060251511
868617060251487
868617060251461
868617060251453
868617060251438
868617060251404
868617060251388
868617060251347
868617060251321
868617060251313
868617060251305
868617060251297
868617060251248
868617060251180
868617060251172
868617060251149
868617060251123
868617060251115
868617060251107
868617060251065
868617060251057
868617060251032
868617060251024
868617060251016
868617060250984
868617060250976
868617060250968
868617060250901
868617060250844
868617060250786
868617060250778
868617060250760
868617060250737
868617060250679
868617060250653
868617060250596
868617060250570
868617060250554
868617060250547
868617060250513
868617060250505
868617060250497
868617060250489
868617060250463
868617060250455
868617060250448
868617060250380
868617060250323
868617060250273
868617060250265
868617060250257
868617060250224
868617060250208
868617060250190
868617060250182
868617060250141
868617060250133
868617060250075
868617060250067
868617060250042
868617060250018
868617060249994
868617060249960
868617060249945
868617060249937
868617060249911
868617060249887
868617060249879
868617060249853
868617060249846
868617060249796
868617060249762
868617060249754
868617060249739
868617060249705
868617060249689
868617060249655
868617060249572
868617060249564
868617060249515
868617060249507
868617060249440
868617060249374
868617060249366
868617060249358
868617060249341
868617060249333
868617060249317
868617060249309
868617060249291
868617060249275
868617060249234
868617060249226
868617060249218
868617060249192
868617060249176
868617060249168
868617060249150
868617060249085
868617060249077
868617060249069
868617060249036
868617060248996
868617060248988
868617060248962
868617060248939
868617060248921
868617060248889
868617060248780
868617060248764
868617060248715
868617060248707
868617060248665
868617060248640
868617060248616
868617060248566
868617060248558
868617060248533
868617060248467
868617060248442
868617060248434
868617060248418
868617060248400
868617060248368
868617060248350
868617060248343
868617060248335
868617060248327
868617060248301
868617060248277
868617060248269
868617060248244
868617060248210
868617060248202
868617060248178
868617060248160
868617060248152
868617060248137
868617060248129
868617060248087
868617060248079
868617060248053
868617060247998
868617060247915
868617060247899
868617060247881
868617060247873
868617060247865
868617060247832
868617060247824
868617060247782
868617060247758
868617060247691
868617060247642
868617060247618
868617060247592
868617060247543
868617060247527
868617060247493
868617060247469
868617060247451
868617060247444
868617060247436
868617060247428
868617060247386
868617060247378
868617060247360
868617060247352
868617060247337
868617060247329
868617060247253
868617060247204
868617060247121
868617060247089
868617060247063
868617060247014
868617060246990
868617060246982
868617060246974
868617060246966
868617060246958
868617060246941
868617060246891
868617060246883
868617060246842
868617060246826
868617060246784
868617060246776
868617060246743
868617060246719
868617060246701
868617060246677
868617060246669
868617060246636
868617060246610
868617060246602
868617060246594
868617060246586
868617060246529
868617060246495
868617060246461
868617060246453
868617060246438
868617060246420
868617060246339
868617060246321
868617060246313
868617060246263
868617060246222
868617060246214
868617060246131
868617060246065
868617060246008
868617060245992
868617060245968
868617060245935
868617060245927
868617060245836
868617060245745
868617060245703
868617060245687
868617060245653
868617060245646
868617060245620
868617060245596
868617060245588
868617060245570
868617060245547
868617060245521
868617060245497
868617060245489
868617060245455
868617060245448
868617060245430
868617060245414
868617060245349
868617060245281
868617060245265
868617060245224
868617060245190
868617060245174
868617060245109
868617060245075
868617060245042
868617060245034
868617060245026
868617060245000
868617060244987
868617060244904
868617060244896
868617060244839
868617060244821
868617060244771
868617060244763
868617060244755
868617060244748
868617060244730
868617060244706
868617060244649
868617060244623
868617060244615
868617060244607
868617060244565
868617060244532
868617060244482
868617060244474
868617060244441
868617060244433
868617060244425
868617060244342
868617060244268
868617060244177
868617060244151
868617060244136
868617060244052
868617060243906
868617060243864
868617060243849
868617060243831
868617060243765
868617060243732
868617060243690
868617060243674
868617060243666
868617060243658
868617060243609
868617060243591
868617060243559
868617060243542
868617060243534
868617060243526
868617060243500
868617060243484
868617060243443
868617060243401
868617060243393
868617060243385
868617060243344
868617060243336
868617060243286
868617060243278
868617060243260
868617060243229
868617060243211
868617060243203
868617060243096
868617060243062
868617060243039
868617060242973
868617060242924
868617060242908
868617060242890
868617060242874
868617060242783
868617060242775
868617060242767
868617060242734
868617060242692
868617060242650
868617060242601
868617060242502
868617060242486
868617060242437
868617060242338
868617060242320
868617060242288
868617060242270
868617060242262
868617060242239
868617060242221
868617060242213
868617060242189
868617060242155
868617060242106
868617060242056
868617060242049
868617060242023
868617060242015
868617060241918
868617060241892
868617060241835